1 1 0
1 1 0.593901
2 1 0.645141
3 1 0.645626
4 1 0.645663
5 1 0.645687
6 1 0.661109
7 1 0.661136
8 1 0.66121
9 1 0.661251
10 1 0.661276
11 1 0.661321
12 1 0.661375
13 1 0.661408
14 1 0.661453
15 1 0.661497
16 1 0.661542
17 1 0.661722
18 1 0.662194
19 1 0.662244
20 1 0.662308
21 1 0.662328
22 1 0.662353
23 1 0.662386
24 1 0.662427
25 1 0.662438
26 1 0.662479
27 1 0.662619
28 1 0.662677
29 1 0.662739
30 1 0.662776
31 1 0.662844
32 1 0.662888
33 1 0.662937
34 1 0.662995
35 1 0.663057
36 1 0.663084
37 1 0.663106
38 1 0.66314
39 1 0.663197
40 1 0.663237
41 1 0.66327
42 1 0.66329
43 1 0.663333
44 1 0.663538
45 1 0.663577
46 1 0.663645
47 1 0.663682
48 1 0.66374
49 1 0.663773
50 1 0.663794
51 1 0.663825
52 1 0.66385
53 1 0.663932
54 1 0.663971
55 1 0.664006
56 1 0.664019
57 1 0.665001
58 1 0.665044
59 1 0.6651
60 1 0.665123
61 1 0.66516
62 1 0.665269
63 1 0.665304
64 1 0.665325
65 1 0.665352
66 1 0.665379
67 1 0.665402
68 1 0.665453
69 1 0.665476
70 1 0.665513
71 1 0.665544
72 1 0.665596
73 1 0.665686
74 1 0.665709
75 1 0.665736
76 1 0.665771
77 1 0.665804
78 1 0.665831
79 1 0.665876
80 1 0.665924
81 1 0.665944
82 1 0.665975
83 1 0.666006
84 1 0.666039
85 1 0.66608
86 1 0.666122
87 1 0.66619
88 1 0.666233
89 1 0.666351
90 1 0.666384
91 1 0.666411
92 1 0.666462
93 1 0.666512
94 1 0.666524
95 1 0.666559
96 1 0.666594
97 1 0.666636
98 1 0.666665
99 1 0.666685
100 1 0.666724
101 1 0.666737
102 1 0.66677
103 1 0.666813
104 1 0.666857
105 1 0.666885
106 1 0.666956
107 1 0.666982
108 1 0.667011
109 1 0.667032
110 1 0.667051
111 1 0.667067
112 1 0.667096
113 1 0.667156
114 1 0.667185
115 1 0.667209
116 1 0.667234
117 1 0.667271
118 1 0.667331
119 1 0.667364
120 1 0.667395
121 1 0.667416
122 1 0.667488
123 1 0.667558
124 1 0.667604
125 1 0.667657
126 1 0.667707
127 1 0.667744
128 1 0.667777
129 1 0.667816
130 1 0.667853
131 1 0.66788
132 1 0.667903
133 1 0.667926
134 1 0.667938
135 1 0.667954
136 1 0.667983
137 1 0.668012
138 1 0.668035
139 1 0.668054
140 1 0.668072
141 1 0.668101
142 1 0.668161
143 1 0.668179
144 1 0.668208
145 1 0.668229
146 1 0.668254
147 1 0.668287
148 1 0.668318
149 1 0.668328
150 1 0.668355
151 1 0.668409
152 1 0.668429
153 1 0.668454
154 1 0.668468
155 1 0.668489
156 1 0.668518
157 1 0.668547
158 1 0.668553
159 1 0.668574
160 1 0.668603
161 1 0.668627
162 1 0.668664
163 1 0.668702
164 1 0.668722
165 1 0.668743
166 1 0.668774
167 1 0.668795
168 1 0.668823
169 1 0.668844
170 1 0.668863
171 1 0.668902
172 1 0.668922
173 1 0.668947
174 1 0.66897
175 1 0.668993
176 1 0.669024
177 1 0.669488
178 1 0.669521
179 1 0.669533
180 1 0.703195
181 1 0.70322
182 1 0.703257
183 1 0.703267
184 1 0.7033
185 1 0.703319
186 1 0.703338
187 1 0.703387
188 1 0.703422
189 1 0.703445
190 1 0.703463
191 1 0.70348
192 1 0.703532
193 1 0.70356
194 1 0.703595
195 1 0.703618
196 1 0.703674
197 1 0.703699
198 1 0.703711
199 1 0.703728
200 1 0.703742
201 1 0.703756
202 1 0.70379
203 1 0.703812
204 1 0.703841
205 1 0.703866
206 1 0.703905
207 1 0.703971
208 1 0.703986
209 1 0.704016
210 1 0.704054
211 1 0.704074
212 1 0.70412
213 1 0.704126
214 1 0.70414
215 1 0.704159
216 1 0.704175
217 1 0.704192
218 1 0.704206
219 1 0.704225
220 1 0.704239
221 1 0.704268
222 1 0.704318
223 1 0.704345
224 1 0.704357
225 1 0.70439
226 1 0.704409
227 1 0.704483
228 1 0.704508
229 1 0.70453
230 1 0.704545
231 1 0.704574
232 1 0.704621
233 1 0.704636
234 1 0.704665
235 1 0.704679
236 1 0.704696
237 1 0.704753
238 1 0.704776
239 1 0.704797
240 1 0.704871
241 1 0.704889
242 1 0.704906
243 1 0.704927
244 1 0.704945
245 1 0.704966
246 1 0.704978
247 1 0.705013
248 1 0.705028
249 1 0.705051
250 1 0.705075
251 1 0.7051
252 1 0.705156
253 1 0.705178
254 1 0.705189
255 1 0.705203
256 1 0.705218
257 1 0.705255
258 1 0.705273
259 1 0.70529
260 1 0.705304
261 1 0.705319
262 1 0.705342
263 1 0.705525
264 1 0.705548
265 1 0.705575
266 1 0.705608
267 1 0.705635
268 1 0.705651
269 1 0.705672
270 1 0.705692
271 1 0.705707
272 1 0.705732
273 1 0.705752
274 1 0.705785
275 1 0.705859
276 1 0.705932
277 1 0.705994
278 1 0.70602
279 1 0.706047
280 1 0.706082
281 1 0.706153
282 1 0.706179
283 1 0.706225
284 1 0.706266
285 1 0.706367
286 1 0.706437
287 1 0.706516
288 1 0.706567
289 1 0.706617
290 1 0.706646
291 1 0.706669
292 1 0.70671
293 1 0.706735
294 1 0.706774
295 1 0.706805
296 1 0.706848
297 1 0.706869
298 1 0.7069
299 1 0.706937
300 1 0.706974
301 1 0.707009
302 1 0.707038
303 1 0.707065
304 1 0.707119
305 1 0.707145
306 1 0.707176
307 1 0.707205
308 1 0.707265
309 1 0.707284
310 1 0.707319
311 1 0.707348
312 1 0.707395
313 1 0.707601
314 1 0.707622
315 1 0.707636
316 1 0.707657
317 1 0.707696
318 1 0.707729
319 1 0.707748
320 1 0.707797
321 1 0.707837
322 1 0.707855
323 1 0.707874
324 1 0.707892
325 1 0.707925
326 1 0.707948
327 1 0.707983
328 1 0.708041
329 1 0.708105
330 1 0.708132
331 1 0.708155
332 1 0.708192
333 1 0.708214
334 1 0.708229
335 1 0.70825
336 1 0.708274
337 1 0.708305
338 1 0.708359
339 1 0.70838
340 1 0.708415
341 1 0.708466
342 1 0.708483
343 1 0.708501
344 1 0.708518
345 1 0.708545
346 1 0.708576
347 1 0.708592
348 1 0.708619
349 1 0.708654
350 1 0.708683
351 1 0.708701
352 1 0.708722
353 1 0.708745
354 1 0.708776
355 1 0.708799
356 1 0.708811
357 1 0.708862
358 1 0.708898
359 1 0.708922
360 1 0.86336
361 1 0.863372
362 1 0.863388
364 1 0.863428
365 1 0.86352
366 1 0.863525
367 1 0.863535
368 1 0.863549
369 1 0.863558
370 1 0.863585
371 1 0.863609
372 1 0.863634
373 1 0.863659
374 1 0.863715
375 1 0.863721
376 1 0.863727
377 1 0.863739
378 1 0.86375
379 1 0.86376
380 1 0.863776
381 1 0.863795
382 1 0.863797
383 1 0.863812
384 1 0.863838
385 1 0.863851
386 1 0.863869
387 1 0.86389
388 1 0.863904
389 1 0.863915
390 1 0.863925
391 1 0.86394
392 1 0.86395
393 1 0.863966
394 1 0.863979
395 1 0.863989
396 1 0.863997
397 1 0.864003
398 1 0.864014
399 1 0.864028
400 1 0.864036
401 1 0.864047
402 1 0.864061
403 1 0.864067
404 1 0.864074
405 1 0.86408
406 1 0.86409
407 1 0.864096
408 1 0.864102
409 1 0.864111
410 1 0.864136
411 1 0.864142
412 1 0.864146
413 1 0.864173
414 1 0.864189
415 1 0.86422
416 1 0.864237
417 1 0.864251
418 1 0.86427
419 1 0.864356
420 1 0.864371
421 1 0.86442
422 1 0.864429
423 1 0.864447
424 1 0.864472
425 1 0.864484
426 1 0.864491
427 1 0.864517
428 1 0.864521
429 1 0.86453
430 1 0.864563
431 1 0.864573
432 1 0.864608
433 1 0.864616
434 1 0.864625
435 1 0.864682
436 1 0.864699
437 1 0.86473
438 1 0.864775
439 1 0.864784
440 1 0.864794
441 1 0.864806
442 1 0.864835
443 1 0.864841
444 1 0.864854
445 1 0.864868
446 1 0.864876
447 1 0.864885
448 1 0.864905
449 1 0.86492
450 1 0.864943
451 1 0.864961
452 1 0.864988
453 1 0.865021
454 1 0.86506
455 1 0.865093
456 1 0.865106
457 1 0.865116
458 1 0.865128
459 1 0.865151
460 1 0.865168
461 1 0.865184
462 1 0.865205
463 1 0.865279
464 1 0.865314
465 1 0.865322
466 1 0.865333
467 1 0.865349
468 1 0.865355
469 1 0.865359
470 1 0.865374
471 1 0.865392
472 1 0.865413
473 1 0.865428
474 1 0.865444
475 1 0.865473
476 1 0.865514
477 1 0.865531
478 1 0.865543
479 1 0.865555
480 1 0.865564
481 1 0.865578
482 1 0.865588
483 1 0.865599
484 1 0.865605
485 1 0.865617
486 1 0.865628
487 1 0.865646
488 1 0.865653
489 1 0.865683
490 1 0.865729
491 1 0.865752
492 1 0.865764
494 1 0.865778
495 1 0.865795
496 1 0.865809
497 1 0.865816
498 1 0.865828
499 1 0.865842
500 1 0.865861
501 1 0.865892
502 1 0.865894
503 1 0.86591
504 1 0.865919
505 1 0.865933
506 1 0.865948
507 1 0.86595
508 1 0.866003
509 1 0.86601
510 1 0.866018
511 1 0.866034
512 1 0.866049
513 1 0.866059
514 1 0.866073
515 1 0.866078
516 1 0.866096
517 1 0.8661
518 1 0.866111
519 1 0.866127
520 1 0.86614
521 1 0.866156
522 1 0.866175
523 1 0.866195
524 1 0.866226
525 1 0.866239
526 1 0.866259
527 1 0.866284
528 1 0.866292
529 1 0.866305
530 1 0.866315
531 1 0.866321
532 1 0.866334
533 1 0.866358
534 1 0.866365
535 1 0.866377
536 1 0.866393
537 1 0.8664
538 1 0.866418
539 1 0.907093
540 1 0.907095
541 1 0.907101
542 1 0.907116
543 1 0.90712
544 1 0.907122
545 1 0.907124
546 1 0.907136
547 1 0.907142
548 1 0.907155
549 1 0.907157
550 1 0.907159
551 1 0.907161
552 1 0.907167
553 1 0.907209
554 1 0.907215
555 1 0.907223
556 1 0.907233
557 1 0.907235
558 1 0.907241
560 1 0.907244
561 1 0.907248
562 1 0.907254
563 1 0.907258
564 1 0.907262
566 1 0.907266
567 1 0.907279
568 1 0.907281
569 1 0.907283
570 1 0.907289
571 1 0.907291
574 1 0.907299
575 1 0.907301
576 1 0.907305
577 1 0.907306
578 1 0.907314
579 1 0.907318
581 1 0.907322
582 1 0.907324
583 1 0.907326
584 1 0.907338
585 1 0.907341
586 1 0.907345
587 1 0.907349
588 1 0.907357
589 1 0.907359
590 1 0.907361
591 1 0.907371
592 1 0.907376
593 1 0.907378
594 1 0.907398
595 1 0.907403
596 1 0.907411
597 1 0.907429
598 1 0.907433
599 1 0.907438
600 1 0.907458
601 1 0.907464
602 1 0.907466
603 1 0.907477
604 1 0.907483
605 1 0.907489
606 1 0.907499
607 1 0.907502
608 1 0.907512
609 1 0.907518
610 1 0.907532
611 1 0.907533
612 1 0.907541
613 1 0.907547
614 1 0.907553
615 1 0.907557
616 1 0.907565
617 1 0.90757
618 1 0.907574
619 1 0.907576
620 1 0.907582
622 1 0.907586
623 1 0.90759
624 1 0.907596
625 1 0.907597
627 1 0.907599
628 1 0.907609
630 1 0.907613
631 1 0.907615
632 1 0.907636
633 1 0.907638
634 1 0.90764
635 1 0.907644
636 1 0.907648
637 1 0.907658
638 1 0.907665
639 1 0.907669
640 1 0.907675
641 1 0.907681
642 1 0.907716
643 1 0.907726
644 1 0.907733
645 1 0.907755
646 1 0.90776
647 1 0.907768
648 1 0.90777
649 1 0.907774
650 1 0.907778
651 1 0.90778
652 1 0.907782
653 1 0.907788
654 1 0.907791
655 1 0.907793
656 1 0.907803
657 1 0.907824
658 1 0.907828
659 1 0.90783
660 1 0.907832
661 1 0.907848
662 1 0.907857
663 1 0.907865
664 1 0.907871
665 1 0.907875
666 1 0.907879
667 1 0.907883
668 1 0.907885
669 1 0.907887
670 1 0.907888
671 1 0.90789
672 1 0.907892
673 1 0.907902
674 1 0.907908
675 1 0.907918
676 1 0.907921
677 1 0.907931
678 1 0.907933
679 1 0.907939
680 1 0.907941
681 1 0.907953
682 1 0.907964
683 1 0.907966
685 1 0.90798
686 1 0.908007
687 1 0.908015
688 1 0.908018
689 1 0.908028
690 1 0.908038
691 1 0.90804
692 1 0.908044
693 1 0.908053
694 1 0.908055
695 1 0.908057
696 1 0.908059
697 1 0.908061
698 1 0.908075
699 1 0.908079
700 1 0.908086
701 1 0.908112
702 1 0.908119
703 1 0.908137
704 1 0.908141
705 1 0.90815
706 1 0.908164
707 1 0.908166
708 1 0.908172
709 1 0.908176
710 1 0.908179
711 1 0.908185
712 1 0.908191
713 1 0.908193
714 1 0.908197
717 1 0.908201
718 1 0.908207
719 1 0.944608
720 1 0.944618
728 1 0.944624
729 1 0.944628
730 1 0.944629
731 1 0.944639
732 1 0.944643
735 1 0.944647
737 1 0.944649
738 1 0.944653
740 1 0.944657
741 1 0.944659
742 1 0.944662
743 1 0.944664
746 1 0.944672
747 1 0.944674
749 1 0.94468
750 1 0.944682
751 1 0.944684
752 1 0.944686
753 1 0.944688
758 1 0.94469
759 1 0.944694
760 1 0.944695
761 1 0.944697
762 1 0.944705
763 1 0.944707
764 1 0.944709
766 1 0.944717
767 1 0.944725
769 1 0.944732
771 1 0.944734
773 1 0.944738
774 1 0.944744
775 1 0.944746
776 1 0.944748
778 1 0.94475
779 1 0.944756
780 1 0.944789
782 1 0.944791
784 1 0.944794
785 1 0.944796
786 1 0.9448
787 1 0.944802
788 1 0.944808
789 1 0.944814
791 1 0.944816
792 1 0.944862
793 1 0.944864
795 1 0.944866
796 1 0.944872
797 1 0.944874
801 1 0.944876
802 1 0.94488
803 1 0.944884
804 1 0.944886
805 1 0.944888
806 1 0.944889
807 1 0.944891
808 1 0.944895
810 1 0.944897
811 1 0.944901
815 1 0.944905
816 1 0.944911
817 1 0.944915
819 1 0.944917
820 1 0.944919
821 1 0.94492
822 1 0.944922
823 1 0.944924
824 1 0.94494
826 1 0.944944
828 1 0.944946
831 1 0.944948
832 1 0.944952
833 1 0.944953
834 1 0.944957
836 1 0.944959
837 1 0.944961
838 1 0.944965
840 1 0.944973
841 1 0.944975
842 1 0.944977
843 1 0.944981
844 1 0.944983
846 1 0.944985
848 1 0.944988
849 1 0.944994
851 1 0.944996
852 1 0.945
853 1 0.945002
854 1 0.945004
855 1 0.945006
857 1 0.945008
858 1 0.94501
859 1 0.945012
860 1 0.945017
862 1 0.945023
863 1 0.945029
864 1 0.945035
865 1 0.945041
867 1 0.945047
868 1 0.94505
869 1 0.945062
870 1 0.945064
871 1 0.94507
872 1 0.945072
873 1 0.945076
874 1 0.945078
875 1 0.94508
876 1 0.945083
877 1 0.945085
878 1 0.945087
879 1 0.945089
880 1 0.945091
881 1 0.945116
883 1 0.945118
884 1 0.945122
886 1 0.945134
887 1 0.945138
888 1 0.94514
889 1 0.945142
890 1 0.945146
892 1 0.94527
893 1 0.945272
894 1 0.945274
895 1 0.945276
897 1 0.945283
898 1 0.956502
899 1 0.956504
903 1 0.956508
905 1 0.956512
908 1 0.956514
910 1 0.956516
915 1 0.956518
917 1 0.95652
922 1 0.956531
923 1 0.956535
926 1 0.956537
927 1 0.956547
930 1 0.956549
942 1 0.956551
947 1 0.956553
956 1 0.956554
963 1 0.956556
968 1 0.95656
969 1 0.956562
972 1 0.956566
977 1 0.956568
982 1 0.956574
983 1 0.956576
987 1 0.956578
992 1 0.956582
993 1 0.956584
997 1 0.956586
998 1 0.956587
1000 1 0.956589
1006 1 0.956591
1007 1 0.956593
1008 1 0.956595
1009 1 0.956599
1013 1 0.956601
1017 1 0.956605
1018 1 0.956607
1021 1 0.956611
1022 1 0.956615
1025 1 0.956617
1026 1 0.956618
1027 1 0.95662
1028 1 0.956622
1034 1 0.956626
1038 1 0.956628
1041 1 0.95663
1045 1 0.956634
1046 1 0.956636
1049 1 0.956642
1055 1 0.956646
1056 1 0.956648
1058 1 0.95665
1061 1 0.956651
1063 1 0.956653
1068 1 0.956655
1075 1 0.956657
1077 1 0.956659
1078 1 0.964
1080 1 0.964002
1097 1 0.964004
1122 1 0.964006
1125 1 0.964008
1140 1 0.96401
1151 1 0.964012
1156 1 0.964014
1159 1 0.964016
1163 1 0.964018
1172 1 0.964019
1177 1 0.964021
1184 1 0.964023
1188 1 0.964025
1203 1 0.964027
1205 1 0.964029
1216 1 0.964031
1218 1 0.964033
1225 1 0.964035
1230 1 0.964037
1234 1 0.964039
1239 1 0.964041
1248 1 0.964043
1257 1 0.990741
1258 1 0.990758
1266 1 0.99076
1268 1 0.990762
1272 1 0.990764
1302 1 0.990766
1312 1 0.990768
1317 1 0.99077
1328 1 0.990772
1337 1 0.990781
1355 1 0.990785
1365 1 0.990787
1374 1 0.990789
1376 1 0.990791
1384 1 0.990793
1385 1 0.990795
1390 1 0.990799
1391 1 0.990801
1410 1 0.990803
1413 1 0.990805
1418 1 0.990807
1420 1 0.990808
1423 1 0.990812
1424 1 0.990814
1425 1 0.990826
1426 1 0.990849
1427 1 0.990851
1428 1 0.990853
1432 1 0.990855
1437 1 0.994855
1438 1 0.994859
1439 1 0.994861
1461 1 0.994863
1464 1 0.994886
1477 1 0.994888
1491 1 0.99489
1507 1 0.994892
1511 1 0.994894
1520 1 0.994896
1527 1 0.9949
1531 1 0.994902
1535 1 0.994904
1537 1 0.994906
1545 1 0.994908
1550 1 0.99491
1557 1 0.994911
1563 1 0.994913
1568 1 0.994915
1569 1 0.994917
1580 1 0.994919
1603 1 0.995038
1610 1 0.995043
1612 1 0.995045
1613 1 0.995047
1616 1 0.996035
1617 1 0.996039
1618 1 0.996042
1623 1 0.996044
1630 1 0.996048
1632 1 0.99605
1634 1 0.996052
1635 1 0.996058
1643 1 0.99606
1647 1 0.996062
1650 1 0.996064
1651 1 0.996066
1682 1 0.996068
1699 1 0.99607
1715 1 0.996072
1719 1 0.996074
1724 1 0.996075
1729 1 0.996077
1732 1 0.996079
1735 1 0.996081
1744 1 0.996083
1745 1 0.996085
1753 1 0.996087
1760 1 0.996089
1763 1 0.996091
1769 1 0.996093
1796 1 0.997119
1797 1 0.997127
1852 1 0.997129
1904 1 0.997131
1953 1 0.997133
1976 1 0.997645
1977 1 0.997651
2036 1 0.997653
2091 1 0.997655
2112 1 0.997658
2116 1 0.99766
2136 1 0.997662
2155 1 0.998101
2156 1 0.998103
2165 1 0.998105
2335 1 0.998462
2343 1 0.998464
2377 1 0.998465
2400 1 0.998467
2403 1 0.998479
2416 1 0.998481
2481 1 0.998483
2514 1 0.998739
2552 1 0.998741
2573 1 0.998743
2694 1 0.998974
2746 1 0.998976
2778 1 0.998978
2873 1 0.999203
2887 1 0.999205
2889 1 0.999207
2890 1 0.999226
2891 1 0.999228
2893 1 0.99923
2906 1 0.999234
2925 1 0.999238
2926 1 0.99924
2940 1 0.999241
2957 1 0.999243
2960 1 0.999245
3019 1 0.999247
3053 1 0.999329
3085 1 0.999331
3179 1 0.999333
3232 1 0.999492
3236 1 0.999494
3343 1 0.999496
3412 1 0.999529
3581 1 0.999531
3592 1 0.999567
3771 1 0.999583
3854 1 0.999585
3925 1 0.999587
3944 1 0.999589
3951 1 0.999614
4130 1 0.999629
4143 1 0.999631
4310 1 0.999657
4489 1 0.999661
4669 1 0.999682
4848 1 0.99969
4936 1 0.999692
5014 1 0.999693
5028 1 0.999703
5207 1 0.999709
5290 1 0.999711
5387 1 0.999721
5567 1 0.999725
5746 1 0.999732
5926 1 0.999734
6105 1 0.999746
6285 1 0.999754
6464 1 0.999763
6644 1 0.999767
6823 1 0.999769
7003 1 0.999773
7183 1 0.999781
7362 1 0.999787
7542 1 0.999789
7721 1 0.999792
7901 1 0.999794
8080 1 0.999802
8260 1 0.999808
8439 1 0.999812
8619 1 0.999818
8798 1 0.99982
8978 1 0.999822
9146 1 0.999823
9158 1 0.999827
9337 1 0.999835
9876 1 0.999847
10055 1 0.999849
10235 1 0.999851
10414 1 0.999858
10594 1 0.999862
10774 1 0.99987
10953 1 0.999882
11133 1 0.999887
11312 1 0.999897
11492 1 0.999899
11671 1 0.999903
11851 1 0.999907
12030 1 0.999913
12389 1 0.999915
12928 1 0.999917
13287 1 0.999919
13382 1 0.99992
13467 1 0.999922
15262 1 0.999924
15442 1 0.999926
15801 1 0.999928
15989 1 0.99993
17003 1 0.999932
17058 1 0.999934
17417 1 0.999936
18135 1 0.999938
18674 1 0.99994
18853 1 0.999942
21008 1 0.999944
21378 1 0.999946
21475 1 0.999948
21726 1 0.99995
22265 1 0.999952
24419 1 0.999953
25295 1 0.999955
25676 1 0.999957
26215 1 0.999959
26716 1 0.999961
27831 1 0.999963
30704 1 0.999965
30707 1 0.999967
31601 1 0.999969
31781 1 0.999971
32858 1 0.999973
36808 1 0.999975
36988 1 0.999977
37527 1 0.999979
37706 1 0.999981
42066 1 0.999983
43636 1 0.999984
44170 1 0.999986
45247 1 0.999988
48838 1 0.99999
50095 1 0.999992
51891 1 0.999994
53507 1 0.999996
55482 1 0.999998
66973 1 1.0
